科比-布莱恩特	5.5000	4.6000	26.4000
詹姆斯-哈登	4.6000	4.5000	26.4000
拉塞尔-威斯布鲁克	4.9000	8.5000	19.6000
克里斯-保罗	3.3000	10.3000	17.0000
尼古拉斯-巴通姆	6.4000	3.1000	19.0000
Damian-Lillard	3.1000	6.6000	18.4000
O.J.-梅奥	3.6000	2.9000	21.5000
斯蒂芬-库里	4.4000	5.4000	17.0000
戈兰-德拉季奇	2.8000	7.2000	16.1000
安德鲁-伊格达拉	7.3000	4.0000	14.8000
托尼-帕克	3.3000	8.1000	14.3000
莫-威廉姆斯	2.3000	6.9000	16.0000
迈克-康利	3.4000	7.0000	14.1000
格雷维斯-瓦斯奎兹	3.9000	8.6000	11.6000
贾马尔-克劳福德	1.9000	1.1000	20.5000
达伦-科林森	2.5000	6.4000	13.9000
凯文-马丁	3.0000	2.0000	17.1000
泰-劳森	2.2000	7.8000	12.0000
克莱-汤普森	4.3000	2.3000	15.1000
林书豪	4.5000	6.1000	10.9000
韦斯利-马休斯	3.3000	2.1000	16.0000
泰瑞克-埃文斯	5.6000	3.4000	11.3000
马库斯-索顿	3.4000	2.1000	14.5000
安德鲁-米勒	4.1000	5.6000	10.2000
卢克-里德诺	3.9000	4.4000	11.4000
戈登-海伍德	3.3000	2.1000	13.3000
香农-布朗	2.2000	2.0000	14.0000
阿莱克斯-舍维德	3.1000	4.2000	10.4000
科怀-伦纳德	5.4000	1.3000	10.6000
文斯-卡特	3.3000	1.4000	12.1000
杰瑞特-杰克	3.2000	4.1000	8.9000
何塞-胡安-巴里亚	2.5000	4.3000	9.3000
丹尼-格林	3.0000	1.3000	11.3000
埃里克-布莱索	2.3000	2.6000	10.6000
以赛亚-托马斯	1.6000	1.4000	11.9000
加里-尼尔	2.6000	2.1000	10.1000
兰迪-弗耶	1.4000	1.7000	11.5000
马努-吉诺比利	2.1000	3.9000	8.4000
斯蒂芬-杰克逊	4.0000	1.5000	8.3000
布兰登-罗伊	2.8000	4.6000	5.8000
贾里德-杜德里	2.4000	1.7000	8.7000
萨波-索夫洛萨	4.5000	1.7000	6.4000
奥斯汀-里弗斯	2.2000	2.8000	6.8000
史蒂夫-纳什	3.0000	4.0000	4.5000
杰里-贝勒斯	1.3000	2.9000	7.1000
史蒂夫-布莱克	2.4000	3.4000	5.1000
维恩-艾灵顿	1.3000	1.5000	7.8000
托尼-阿伦	2.9000	0.6000	6.9000
塞巴斯蒂安-特尔菲尔	2.1000	2.1000	6.0000
吉默-弗雷戴特	0.6000	1.4000	8.0000
凯里-欧文	4.1000	6.5000	24.3000
拉简-朗多	4.9000	12.6000	14.3000
朱-霍利迪	4.0000	8.6000	19.1000
凯尔-洛瑞	5.8000	6.3000	18.3000
蒙塔-艾利斯	3.4000	5.4000	20.0000
德隆-威廉姆斯	2.3000	7.7000	18.6000
布兰登-詹宁斯	3.1000	7.9000	16.9000
肯巴-沃克	3.7000	5.1000	19.0000
DeMar-DeRozan	5.1000	2.1000	20.0000
德怀恩-韦德	4.1000	4.9000	16.9000
雷蒙德-菲尔顿	3.1000	6.3000	16.1000
J.R.-史密斯	5.1000	3.0000	16.7000
保罗-乔治	7.6000	3.2000	13.5000
雷蒙-塞申斯	3.4000	4.6000	16.3000
JJ-雷迪克	2.3000	5.5000	15.8000
乔-约翰逊	3.9000	3.6000	16.0000
贾米尔-尼尔森	4.0000	8.5000	11.0000
阿隆-阿夫拉罗	4.5000	2.4000	16.5000
乔治-希尔	4.2000	4.9000	14.2000
杰夫-蒂格	2.9000	6.7000	13.6000
布兰登-奈特	4.3000	7.1000	11.3000
埃文-特纳	7.6000	3.4000	10.7000
A.J.-普莱斯	3.4000	6.9000	10.1000
何塞-卡尔德隆	2.1000	6.9000	11.3000
E特温-摩尔	3.5000	4.3000	12.4000
本-戈登	2.4000	2.8000	14.6000
内特-罗宾逊	3.0000	4.5000	11.4000
迪翁-维特斯	2.3000	2.1000	14.5000
乔丹-克劳福德	3.9000	3.4000	11.3000
路易斯-威廉姆斯	2.1000	3.4000	13.1000
理查德-汉密尔顿	2.5000	2.5000	13.0000
雷-阿伦	3.0000	2.4000	12.4000
杰拉德-亨德森	2.0000	2.5000	12.5000
多雷尔-怀特	5.4000	0.7000	10.7000
Bradley	0.9520	3.1000	1.9000
贾森-理查德森	3.4000	1.4000	11.8000
罗德尼-斯塔基	2.1000	3.9000	9.2000
本诺-尤德里	3.2000	3.8000	7.7000
利纳斯-克雷扎	4.3000	0.3000	10.0000
凯尔-科沃尔	3.4000	1.6000	9.3000
贾森-特里	1.3000	2.2000	10.7000
贾森-基德	2.3000	3.1000	8.6000
马里奥-钱莫斯	2.6000	5.0000	6.3000
柯克-辛里奇	3.0000	5.3000	5.3000
兰斯-史蒂文森	2.8000	2.3000	8.3000
马特尔-韦伯斯特	3.6000	1.4000	7.3000
丹尼尔-吉布森	2.3000	1.3000	8.5000
尼克-杨	1.4000	1.1000	9.1000
MarShon-布鲁克斯	1.8000	1.0000	8.3000
CJ-沃特森	1.3000	1.9000	7.9000
