球员    命中率  三分命中率      罚球命中率      篮板    助攻    抢断    盖帽    失误    犯规    得分 
科比-布莱恩特   0.551   0.441   0.92    5.5     4.6     1.4     0       3.8     2.5     26.4
詹姆斯-哈登     0.441   0.24    0.823   4.6     4.5     1.4     0.8     4.1     2       26.4
拉塞尔-威斯布鲁克       0.388   0.279   0.754   4.9     8.5     1.3     0.1     3       2.9     19.6
克里斯-保罗     0.478   0.4     0.913   3.3     10.3    2.3     0       2.1     2.4     17
尼古拉斯-巴通姆         0.449   0.362   0.758   6.4     3.1     2.5     0.9     2       2       19
Damian-Lillard          0.43    0.408   0.821   3.1     6.6     1.3     0.1     3.4     1.9     18.4
O.J.-梅奥       0.486   0.589   0.844   3.6     2.9     0.5     0.2     2.6     2.4     21.5
斯蒂芬-库里     0.39    0.309   0.857   4.4     5.4     1.9     0.1     3.3     3.2     17
戈兰-德拉季奇   0.471   0.351   0.756   2.8     7.2     1.8     0.2     2.4     2.7     16.1
安德鲁-伊格达拉         0.441   0.361   0.727   7.3     4       1.2     1.1     3.2     1.4     14.8
托尼-帕克       0.391   0.333   0.75    3.3     8.1     0.4     0.1     2       1.9     14.3
莫-威廉姆斯     0.424   0.326   0.947   2.3     6.9     1.1     0.8     2.8     2.3     16
迈克-康利       0.477   0.379   0.833   3.4     7       1.8     0.1     2.9     2       14.1
格雷维斯-瓦斯奎兹       0.349   0.286   0.739   3.9     8.6     0.4     0.1     2.9     1.9     11.6
贾马尔-克劳福德         0.514   0.422   0.902   1.9     1.1     1.5     0       2.1     1.1     20.5
达伦-科林森     0.459   0.333   0.875   2.5     6.4     1.1     0       2       1.6     13.9
凯文-马丁       0.48    0.51    0.945   3       2       1.3     0.2     1.6     2       17.1
泰-劳森         0.383   0.25    0.536   2.2     7.8     2       0.1     2.9     2       12
克莱-汤普森     0.358   0.333   0.739   4.3     2.3     0.7     0.3     2.4     2.9     15.1
林书豪          0.353   0.276   0.905   4.5     6.1     2.5     0.5     2.5     2.2     10.9
韦斯利-马休斯   0.434   0.429   0.727   3.3     2.1     2       0.1     1.8     3       16
泰瑞克-埃文斯   0.38    0.091   0.792   5.6     3.4     1.4     0.4     2       2.4     11.3
马库斯-索顿     0.385   0.238   0.842   3.4     2.1     0.8     0       0.4     1.9     14.5
安德鲁-米勒     0.474   0.444   0.842   4.1     5.6     0.8     0.2     2.3     1.9     10.2
卢克-里德诺     0.412   0.379   0.786   3.9     4.4     1.9     0.3     1.8     2.8     11.4
戈登-海伍德     0.449   0.323   0.794   3.3     2.1     0.9     0.7     1.4     2.5     13.3
香农-布朗       0.407   0.4     0.839   2.2     2       0.6     0.2     1.4     1.2     14
阿莱克斯-舍维德         0.383   0.243   0.821   3.1     4.2     0.3     0.8     1.8     1.3     10.4
科怀-伦纳德     0.493   0.346   0.941   5.4     1.3     2       0.2     1.9     2.3     10.6
文斯-卡特       0.378   0.34    0.741   3.3     1.4     1.1     0.6     1.1     3.2     12.1
杰瑞特-杰克     0.484   0.5     0.882   3.2     4.1     0.8     0       1.2     1.8     8.9
何塞-胡安-巴里亚        0.444   0.25    0.917   2.5     4.3     0.5     0       1.5     1.5     9.3
丹尼-格林       0.487   0.439   0.857   3       1.3     1.1     0.7     0.8     1.4     11.3
埃里克-布莱索   0.493   0.286   0.85    2.3     2.6     1.5     0.5     2.1     1.6     10.6
以赛亚-托马斯   0.47    0.414   0.818   1.6     1.4     0.6     0       2.3     2.1     11.9
加里-尼尔       0.552   0.316   0.846   2.6     2.1     0.1     0       1       0.9     10.1
兰迪-弗耶       0.387   0.434   0.87    1.4     1.7     0.4     0.4     0.9     2.8     11.5
马努-吉诺比利   0.373   0.167   0.773   2.1     3.9     0.9     0.3     2.7     1.7     8.4
斯蒂芬-杰克逊   0.375   0.31    0.682   4       1.5     1       0.3     1.1     2.1     8.3
布兰登-罗伊     0.314   0       0.7     2.8     4.6     0.6     0       1.4     1       5.8
贾里德-杜德里   0.444   0.31    0.5     2.4     1.7     0.8     0.2     1.1     1.2     8.7
萨波-索夫洛萨   0.5     0.571   1       4.5     1.7     0.7     0.5     1.4     1.9     6.4
奥斯汀-里弗斯   0.292   0.25    0.833   2.2     2.8     1.2     0.2     2       2.2     6.8
史蒂夫-纳什     0.333   0.2     0       3       4       0.5     0.5     1.5     1       4.5
杰里-贝勒斯     0.488   0.526   0.833   1.3     2.9     0.9     0.4     1.4     2.4     7.1
史蒂夫-布莱克   0.353   0.4     1       2.4     3.4     1.3     0       1.3     2.3     5.1
维恩-艾灵顿     0.511   0.462   1       1.3     1.5     0.4     0.1     0.1     1.2     7.8
托尼-阿伦       0.373   0       0.917   2.9     0.6     1.6     0.8     1       3.1     6.9
塞巴斯蒂安-特尔菲尔     0.365   0.3     0.769   2.1     2.1     0.9     0.3     0.3     2.6     6
吉默-弗雷戴特   0.568   0.385   0.9     0.6     1.4     0.3     0       0.7     0.7     8
凯里-欧文       0.472   0.432   0.83    4.1     6.5     1.1     0.3     4.1     2.9     24.3
拉简-朗多       0.51    0.273   0.55    4.9     12.6    2.1     0       3.1     2.8     14.3
朱-霍利迪       0.453   0.448   0.786   4       8.6     1.6     0.6     5.2     2.3     19.1
凯尔-洛瑞       0.545   0.444   0.944   5.8     6.3     3       0.5     2.5     2.5     18.3
蒙塔-艾利斯     0.394   0.241   0.829   3.4     5.4     1.6     0.6     3       1.4     20
德隆-威廉姆斯   0.449   0.297   0.861   2.3     7.7     0.7     0.4     4       1.7     18.6
布兰登-詹宁斯   0.427   0.324   0.905   3.1     7.9     3.1     0.4     2.6     1.7     16.9
肯巴-沃克       0.434   0.176   0.865   3.7     5.1     2.9     0.3     1.9     2.6     19
DeMar-DeRozan          0.443   0.25    0.784   5.1     2.1     1       0.3     1.6     2.9     20
德怀恩-韦德     0.47    0.167   0.765   4.1     4.9     1.3     0.9     2.5     1.8     16.9
雷蒙德-菲尔顿   0.434   0.367   0.625   3.1     6.3     1.4     0       2.6     2       16.1
J.R.-史密斯     0.479   0.636   0.813   5.1     3       1.7     0.6     1.1     2.4     16.7
保罗-乔治       0.383   0.313   0.947   7.6     3.2     1.4     0.9     3.1     2.3     13.5
雷蒙-塞申斯     0.402   0.211   0.783   3.4     4.6     0.4     0       1.9     1       16.3
JJ-雷迪克       0.489   0.394   0.862   2.3     5.5     0.8     0       2.5     1.2     15.8
乔-约翰逊       0.385   0.389   0.818   3.9     3.6     1.1     0.1     1.4     1       16
贾米尔-尼尔森   0.3     0.25    1       4       8.5     1.5     0       1.5     3.5     11
阿隆-阿夫拉罗   0.439   0.367   0.875   4.5     2.4     0.8     0.4     1.9     2.4     16.5
乔治-希尔       0.424   0.293   0.8     4.2     4.9     1.2     0.5     2.1     1.5     14.2
杰夫-蒂格       0.5     0.5     0.929   2.9     6.7     1.6     0.3     2.9     1.3     13.6
布兰登-奈特     0.371   0.357   0.741   4.3     7.1     0.4     0.2     3.1     2.2     11.3
埃文-特纳       0.374   0.444   0.8     7.6     3.4     0.7     0.2     2       2.6     10.7
A.J.-普莱斯     0.329   0.311   0.833   3.4     6.9     0.7     0       2.3     1.9     10.1
何塞-卡尔德隆   0.447   0.5     1       2.1     6.9     1.1     0.1     2.3     1.5     11.3
E特温-摩尔      0.436   0.452   0.5     3.5     4.3     0.5     0.3     2.5     2       12.4
本-戈登         0.46    0.429   0.6     2.4     2.8     0.4     0.4     1.8     1.8     14.6
内特-罗宾逊     0.481   0.4     0.75    3       4.5     1.1     0       2.5     2.4     11.4
迪翁-维特斯     0.44    0.486   0.588   2.3     2.1     1       0.3     1.8     1.5     14.5
乔丹-克劳福德   0.431   0.357   0.684   3.9     3.4     0.4     0.3     2.4     1.6     11.3
路易斯-威廉姆斯         0.359   0.286   0.839   2.1     3.4     1.6     0       2       0.6     13.1
理查德-汉密尔顿         0.449   0.333   0.913   2.5     2.5     0.6     0.1     2       1.4     13
雷-阿伦         0.506   0.512   0.821   3       2.4     1.3     0.2     1.2     2.1     12.4
杰拉德-亨德森   0.348   0.4     0.875   2       2.5     3       1       1.5     2.5     12.5
多雷尔-怀特     0.333   0.353   0.87    5.4     0.7     1.7     0.6     1.6     0.8     10.7
Bradley -Beal   0.321   0.333   0.952   3.1     1.9     1       0.3     1.6     1.9     11.6
贾森-理查德森   0.407   0.464   0.5     3.4     1.4     1.8     0.8     0       1.2     11.8
罗德尼-斯塔基   0.304   0.24    0.778   2.1     3.9     0.3     0.3     1.2     1.9     9.2
本诺-尤德里     0.487   0.333   1       3.2     3.8     1.2     0.2     1.7     1.2     7.7
利纳斯-克雷扎   0.346   0.333   1       4.3     0.3     0.3     0       0.7     2.7     10
凯尔-科沃尔     0.431   0.395   0.75    3.4     1.6     1.1     0.3     0.9     2.9     9.3
贾森-特里       0.485   0.393   0.864   1.3     2.2     0.7     0.1     1.6     1.7     10.7
贾森-基德       0.594   0.565   1       2.3     3.1     1.9     0.4     0.6     1.3     8.6
马里奥-钱莫斯   0.377   0.32    0.643   2.6     5       1.6     0.2     1.5     2.9     6.3
柯克-辛里奇     0.326   0.364   0.455   3       5.3     1.4     0.1     1.3     2.3     5.3
兰斯-史蒂文森   0.493   0.458   0.857   2.8     2.3     0.6     0.1     1.5     1.6     8.3
马特尔-韦伯斯特         0.405   0.364   0.929   3.6     1.4     0.3     0.4     1.1     1.6     7.3
丹尼尔-吉布森   0.48    0.429   0.556   2.3     1.3     1       0.1     0.6     2.9     8.5
尼克-杨         0.341   0.313   0.889   1.4     1.1     0.8     0.2     0.8     1.3     9.1
MarShon-布鲁克斯        0.619   1       0.667   1.8     1       0.5     0.3     1       2       8.3
CJ-沃特森       0.412   0.321   0.8     1.3     1.9     1.4     0.4     1.6     2       7.9

